5.208207e+02 1.807750e+02
7.624016e+01 2.668099e+02
3.832063e+02 1.660012e+02
3.061683e+02 3.230124e+02
5.085521e+02 1.899558e+02
1.392370e+02 2.740612e+02
8.853656e+01 2.837960e+02
2.921283e+02 2.835361e+02
2.748732e+02 3.270601e+02
4.289736e+02 1.588972e+02
4.127266e+01 2.249773e+02
3.985232e+02 1.926478e+02
3.562608e+01 2.190515e+02
4.434000e+02 3.157777e+02
4.300854e+02 1.900628e+02
2.825275e+02 3.160238e+02
4.938298e+02 1.989266e+02
3.602893e+02 2.534043e+02
3.804409e+02 1.502519e+02
5.491088e+02 1.597492e+02
4.898678e+02 2.040531e+02
1.957676e+02 2.966573e+02
3.666856e+01 9.078741e+01
2.103451e+02 1.934883e+02
3.923786e+02 2.399171e+02
4.517078e+02 2.522365e+02
2.866621e+02 2.843245e+02
3.359845e+01 1.181305e+02
2.846501e+02 2.486600e+02
1.508181e+02 2.911418e+02
3.594099e+02 3.202842e+02
1.077794e+02 2.394058e+02
4.433028e+02 1.706601e+02
7.841972e+01 2.704763e+02
1.939001e+02 2.534909e+02
3.144459e+02 2.019380e+02
6.207887e+01 2.317699e+02
4.991282e+02 2.310815e+02
4.159682e+02 2.710564e+02
4.531074e+01 2.087071e+02
3.771889e+01 2.185920e+02
1.425356e+02 2.755844e+02
3.006267e+02 2.402232e+02
2.998701e+02 1.735437e+02
3.273180e+02 1.253920e+02
4.577586e+02 3.746902e+02
2.120809e+02 2.047052e+02
3.575719e+02 2.077697e+02
2.866377e+02 2.199750e+02
8.118592e+01 2.713007e+02
4.602271e+02 1.841916e+02
2.887716e+02 2.847646e+02
4.149691e+02 2.011599e+02
8.110231e+01 2.700599e+02
4.242466e+02 1.682761e+02
4.353536e+02 3.463083e+02
4.715059e+02 1.521695e+02
3.288589e+02 1.255233e+02
2.859807e+02 3.492729e+02
2.119190e+02 1.938835e+02
4.735541e+02 2.442851e+02
5.181506e+02 1.803724e+02
4.150536e+02 2.155448e+02
4.025047e+02 2.129547e+02
8.603873e+01 2.686052e+02
4.333238e+02 3.487607e+02
6.968339e+01 2.502854e+02
4.699132e+01 2.162469e+02
3.918726e+02 2.741082e+02
5.193461e+02 1.805427e+02
4.974010e+02 2.304153e+02
3.485977e+02 3.139748e+02
4.570603e+02 3.737438e+02
2.932466e+02 1.794017e+02
4.618058e+02 2.408917e+02
2.925406e+02 2.802751e+02
4.838850e+02 1.487786e+02
1.380069e+02 2.733806e+02
4.448210e+02 1.759790e+02
2.936480e+02 2.821348e+02
3.660524e+02 1.499600e+02
4.087345e+02 1.759115e+02
4.017214e+01 2.218717e+02
1.410402e+02 2.732508e+02
3.972088e+02 2.892300e+02
3.222889e+02 2.878460e+02
2.412221e+02 2.735884e+02
4.971259e+02 2.319538e+02
3.789672e+02 3.110962e+02
3.237913e+02 1.692478e+02
4.034172e+02 1.514438e+02
4.853849e+02 2.219315e+02
5.213563e+02 1.776908e+02
8.589729e+01 9.017657e+01
4.397795e+02 2.752975e+02
7.749919e+01 2.657078e+02
3.540611e+01 9.579218e+01
2.903374e+02 2.829173e+02
7.999806e+01 2.719225e+02
4.889174e+02 2.044855e+02
5.005457e+01 2.203308e+02
4.709283e+02 2.420776e+02
1.087535e+02 2.408631e+02
4.462421e+02 3.389943e+02
9.762349e+01 1.429514e+02
4.105958e+02 2.875651e+02
4.573951e+02 2.405941e+02
8.706850e+01 2.662464e+02
3.579559e+02 2.897642e+02
3.366888e+02 2.583619e+02
1.410738e+02 1.801189e+02
6.178188e+01 1.960776e+02
4.951544e+02 2.280064e+02
1.413648e+02 2.770592e+02
2.650941e+02 3.521122e+02
1.097471e+02 2.415498e+02
4.205784e+02 2.422825e+02
2.415484e+02 2.523397e+02
5.457787e+02 1.662239e+02
8.952012e+01 2.857672e+02
5.419623e+02 1.604350e+02
6.817503e+01 2.654432e+02
4.180334e+02 1.930148e+02
8.039733e+01 2.708060e+02
8.674299e+01 2.781796e+02
1.407122e+02 2.758770e+02
3.940370e+02 2.586696e+02
8.372139e+01 2.672435e+02
1.094029e+02 2.396492e+02
4.073274e+02 2.543389e+02
4.585819e+02 3.701651e+02
5.345254e+02 1.624687e+02
3.271379e+02 2.263937e+02
7.493557e+01 2.625147e+02
4.356872e+01 2.330398e+02
4.172723e+02 3.140566e+02
3.693025e+02 1.604230e+02
8.244114e+01 2.671401e+02
5.183707e+02 1.780285e+02
3.131930e+02 2.037091e+02
3.295354e+01 2.100981e+02
4.985558e+02 1.503203e+02
3.132353e+02 2.015419e+02
4.963987e+02 2.284757e+02
3.582253e+02 3.199586e+02
2.089714e+02 1.937476e+02
3.396989e+01 1.166913e+02
8.207419e+01 2.720372e+02
3.770152e+02 1.670516e+02
8.771655e+01 2.688885e+02
3.082615e+02 3.241395e+02
3.923029e+01 2.205628e+02
2.851558e+02 3.728360e+02
5.280408e+02 1.744783e+02
4.582509e+02 3.716509e+02
4.297600e+02 1.575342e+02
7.658670e+01 2.700774e+02
2.889655e+01 1.371804e+02
4.568631e+02 3.717621e+02
2.970841e+01 1.258256e+02
7.868192e+01 2.659007e+02
8.919150e+01 2.793077e+02
3.973980e+01 2.240941e+02
4.489624e+02 2.932708e+02
8.541778e+01 2.666593e+02
8.167494e+01 2.704917e+02
3.784428e+02 1.671823e+02
4.892872e+02 2.053189e+02
8.420596e+01 2.663265e+02
2.898314e+02 2.846315e+02
8.071251e+01 2.694911e+02
8.432217e+01 2.696200e+02
4.230600e+02 1.505715e+02
2.939014e+02 2.837526e+02
4.297187e+02 1.563924e+02
7.831347e+01 2.675210e+02
2.926822e+02 1.439583e+02
5.307685e+02 1.728851e+02
3.031049e+02 2.024204e+02
3.984865e+01 2.163483e+02
3.844943e+02 2.162268e+02
5.331141e+02 1.670169e+02
4.708242e+02 2.540634e+02
3.433147e+02 1.641497e+02
5.179093e+02 1.813220e+02
4.144508e+02 1.546014e+02
7.845938e+01 2.589993e+02
2.092170e+02 1.826599e+02
4.574084e+02 3.684114e+02
1.074980e+02 2.404672e+02
5.245868e+02 1.759622e+02
7.124947e+01 2.654666e+02
3.764118e+01 2.144614e+02
7.899397e+01 2.603769e+02
4.498924e+02 2.677076e+02
7.972509e+01 2.669774e+02
2.625452e+02 2.881265e+02
1.085341e+02 2.389594e+02
4.226074e+02 1.603617e+02
3.187335e+02 3.188911e+02